bmrk_eng_nm,bmrk_nm,curr_cd,exchdg_yn,fd_estb_ctry_cd,fd_ivst_rgn_desc,fd_mm18_ern_r,fd_mm1_ern_r,fd_mm3_ern_r,fd_mm6_ern_r,fd_nast_suma,fd_set_pcd,fd_wk1_ern_r,fd_yr1_ern_r,fd_yr2_ern_r,fd_yr3_ern_r,fd_yr5_ern_r,frc_bpr_itm_yn,fss_itm_no,hdge_fd_yn,int_dvd_desc,itm_abrv_nm,itm_eabrv_nm,itm_eng_nm,itm_nm,itm_no,kofia_fd_ccd,ksd_itm_no,mtco_itm_no,ofsfd_yn,or_attr_desc,or_co_xtn_itt_cd,ovrs_fd_desc,pers_corp_desc,pfiv_sale_cntl_tcd,prfd_attr_cd,prvo_fd_desc,prvo_pbff_desc,rptt_ksd_itm_no,sale_yn,std_itm_no,thco_sale_yn,trusc_xtn_itt_cd,zrin_fd_ivst_risk_gcd,zrin_fd_ivst_risk_grd_nm
MSCI ACWI CR 25% + Bloomberg GLOBAL AGGREGATE(KRW HEDGED) 75%,MSCI ACWI CR 25% + Bloomberg GLOBAL AGGREGATE(KRW HEDGED) 75%,KRW,Y,000,글로벌,,,,,2811344521.0000,10,,,,,,0,0010170C5312,0,배당,하나행복한TDF2025증권자[채혼-재간]C-P2E,,HANA HAPPY TDF 2025 FEEDER INVESTMENT TRUST [BOND BALANCED-FOF] CLASS C-P2E,하나 행복한 TDF 2025증권자투자신탁[채권혼합-재간접형] 종류 C-P2E,KR5159490019,16133A12060022111ZZD,KRZ501925585,003G253,0,재간접,00040005,국내외혼합,해당없음,00,W101,해당없음,공모,03210003G253,판매완료,K55102CR1622,Y,00020088,NULL,
KOSPI 200,KOSPI200,KRW,,000,국내,257.48,0.83,40.51,91.58,6008764603.0000,10,8.64,181.27,226.81,245.95,186.91,0,0010172C7331,0,배당,브이아이코리아통일르네상스자투자(주식)Ae,,브이아이코리아통일르네상스증권자투자신탁[주식] 종류A-E,브이아이코리아통일르네상스증권자투자신탁[주식] 종류A-E,KR5116450065,12113612001011111112,KRZ501890312,00AG530,0,주식형,00040018,국내,해당없음,00,V101,해당없음,공모,0304200AG530,판매중,KR5104AR5088,Y,00020032,1,매우 높은 위험
BSE 30,인도 Bombay Sensitive30,KRW,N,000,글로벌,,,,,,10,,,,,,0,000000000000,0,배당,미래인디아대형주1CI,,MIRAE ASSET INDIA LARGE CAP VALUE EQUITY INVESTMENT TRUST NO.1 CLASS-C-I,미래에셋 인디아 대형주 Value 주식형 투자신탁1호 CLASS-C-I,KR510902206M,00000000000000000000,KRZ500403994,532364,0,주식형,00080008,해외,법인,00,C103,해당없음,공모,031910532360,판매완료,KR5301744995,Y,00020088,NULL,
MSCI NORTH AMERICA,MSCI NORTH AMERICA,KRW,Y,410,남미/북미,19.79,1.22,12.00,10.47,18098853931.0000,10,0.41,22.31,,,,0,0010186C8356,0,배당,신한미국자사주&고배당증(H)[주식](Cr),, SH US Buyback&High Dividend Security Feeder Investment Trust(H)[Equity],신한미국자사주&고배당증권자투자신탁(H)[주식](종류C-r),KR5117451000,12123A1206010111914B,KRZ50252238A,0271670,0,주식형,00040067,해외,해당없음,00,W104,해당없음,공모,030480271670,판매중,K55210DV3430,Y,00020027,3,다소 높은 위험
채권종합지수 1~2Y,채권종합지수 1~2년,KRW,,000,국내,,,,,,10,,,,,,0,000000000000,0,배당,맵스스프레드RCF파9,,MIRAEASSET MAPS SPREAD RCF DERIVATIVES FUND NO.9,미래에셋맵스스프레드RCF파생상품투자신탁9호,KR513506106M,00000000000000000000,KRZ500502730,467609,0,06,00080008,국내,해당없음,00,V101,해당없음,공모,000000000000,판매완료,KR5225853583,,00020081,NULL,
KOSPI 200,KOSPI200,KRW,,000,국내,,,,,,10,,,,,,0,000000000000,0,배당,하이밸류&다이MoM주A,,하이밸류&다이나믹MoM증권투자신탁[주식]A,하이밸류&다이나믹MoM증권투자신탁[주식]A,KR5116450000,00000000000000000000,KRZ501845981,00AG470,0,주식형,00040018,국내,해당없음,00,V101,해당없음,공모,0304200AG470,판매완료,KR5104AL3311,Y,00020032,NULL,
KOSPI200 50% + KAP Bond Index 01Y 50%,KOSPI200 50% + 종합채권01Y 50%,KRW,,000,국내,162.80,4.00,43.96,81.71,1146268314.0000,10,9.11,133.59,130.59,164.45,135.45,0,000000000000,0,배당,미래에셋인디펜던스증권자투자회사(주혼)C5,,미래에셋인디펜던스증권자투자회사(주식혼합)(C-C5),미래에셋인디펜던스증권자투자회사(주식혼합)(C-C5),KR550903052M,231134123010121ZZZZ4,KRZ700066905,500106,0,주식혼합,00080008,국내,해당없음,00,D102,해당없음,공모,031910500101,판매중,KRM301972811,Y,00020004,3,다소 높은 위험
MSCI ACWI CR 50% + KAP Bond Index 01Y 50%,MSCI ACWI CR 50% + 종합채권01Y 50%,KRW,Y,000,글로벌,27.54,-0.62,12.86,17.27,486111589050.0000,10,1.02,26.76,33.55,54.25,37.98,0,0010660C6012,0,배당,한국투자적격TDF알아서2045(주혼재)CR,,한국투자적격TDF알아서2045증권투자신탁(주식혼합-재간접형)종류C-R,한국투자적격TDF알아서2045증권투자신탁(주식혼합-재간접형)종류C-R,KR5113490079,16121A120600211ZZZZD,KRZ502119047,0005C86,0,재간접,00040024,해외,해당없음,00,V102,해당없음,공모,032280005C86,판매중,K55101BK7081,Y,00020020,3,다소 높은 위험
MSCI ACWI CR 50% + KAP Bond Index 01Y 50%,MSCI ACWI CR 50% + 종합채권01Y 50%,KRW,Y,000,글로벌,18.13,0.47,5.34,7.56,45465971866.0000,10,-0.57,15.52,,,,0,0010185C1375,0,배당,신영적격TDF2030증권투자신탁(혼재)C-P2,,신영적격TDF2030증권투자신탁(혼합-재간접형)C-P2형,신영적격TDF2030증권투자신탁(혼합-재간접형)C-P2형,KR5125490015,16121A120600211ZZZZD,KRZ50245178B,000Y420,0,재간접,00040014,해외,해당없음,00,D102,해당없음,공모,03029000Y420,판매중,K55209DE4564,Y,00020004,4,보통 위험
채권종합지수 1~2Y,채권종합지수 1~2년,KRW,,000,국내,,,,,,00,,,,,,0,000000000000,0,배당,G2프로장기26,,G2프로장기26,G2프로장기26,KR5010251246,00000000000000000000,KRZ500023450,11632,0,채권형,00040011,국내,해당없음,00,V101,해당없음,공모,KR0000000000,판매완료,KR5205106424,,00020081,NULL,
JACI Composite,JACI Composite,KRW,Y,000,이머징/브릭스,6.32,0.06,-0.33,0.41,5516358752.0000,10,-0.16,5.54,9.78,15.01,-8.61,0,0011973C0389,0,배당,iM에셋아시아퀄리티(채권재간접)(H)CPe,,IM ASSET ASIAN TIGER BOND FUND-HEDGEDCLASS 13,iM에셋아시아퀄리티증권투자신탁(채권-재간접형)(H)(C-Pe),KR5181490038,1612141203604312526E,KRZ50164509D,060623,0,재간접,00080035,해외,개인,00,W109,해당없음,공모,033750060610,판매중,K55366BJ1236,Y,00020054,5,낮은 위험
MSCI CHINA,MSCI CHINA(USD),KRW,Y,000,글로벌,20.75,-2.26,6.74,1.02,24067505476.0000,10,-2.34,9.76,34.93,36.45,-11.01,0,0011956C0414,0,배당,에셋플러스차이나리치퇴직자1(주식)Ce,,에셋플러스차이나리치투게더퇴직연금증권자투자신탁1호(주식)종류Ce,에셋플러스차이나리치투게더퇴직연금증권자투자신탁1호(주식)종류Ce,KR5187450091,1212361203617111123B,KRZ501935775,20242,0,주식형,00080086,해외,해당없음,00,G115,해당없음,공모,032910020240,판매중,K55364BU0813,Y,00020027,2,높은 위험
MSCI South East Asia(USD) 95% + Call 5%,MSCI South East Asia(USD) 95% + Call 5%,KRW,Y,000,아시아,2.28,-3.40,-0.69,0.53,1430173289.0000,10,-0.14,5.98,18.03,23.50,2.10,0,0010173C4726,0,배당,삼성아세안증권자제3호[주식-파생형]C4,,삼성아세안증권자투자신탁 제3호[주식-파생형]_C4,삼성아세안증권자투자신탁 제3호[주식-파생형]_C4,KR5114470154,1222341200105520123C,KRZ501806895,02MDK00,0,06,00040010,해외,해당없음,00,C101,해당없음,공모,0302002MDK00,판매중,KR5105975837,Y,00020054,4,보통 위험
KOSPI 200,KOSPI200,KRW,,000,국내,282.08,4.39,58.64,119.72,197152331882.0000,10,11.01,209.82,242.64,278.89,,0,000000000000,0,배당,KB그로스포커스자주C4,,KB그로스포커스증권자투자신탁(주식)C4클래스,KB그로스포커스증권자투자신탁(주식)C4클래스,KR5127450114,00000000000000000000,KRZ501009368,0002221,0,주식형,00040035,국내,해당없음,00,V101,해당없음,공모,030230002221,판매중,KR5223184619,Y,00020088,2,높은 위험
KOSPI 200,KOSPI200,KRW,,000,국내,0.00,0.00,0.00,0.00,4691125245.0000,10,0.00,0.00,0.00,0.00,0.00,0,0010193C0440,0,배당,우리뉴셀렉션포커스증권자(주식)C3,,WOORI NEW-SELECTION FOCUS EQUITY FEEDER FUND CLASS C3,우리뉴셀렉션포커스증권자투자신탁(주식)ClassC3,KR5134450063,12113412001011111113,KRZ501681599,0008110,0,주식형,00040007,국내,해당없음,00,V101,해당없음,공모,03101000FR04,판매중,KR5217A02324,Y,00020004,1,매우 높은 위험
채권종합지수 1~2Y,종합채권 1~2년,USD,Y,000,글로벌,,,,,175566583.6800,10,,,,,,1,0010186C9627,0,배당,신한달러단기자금증권자1(USD)[채권](C-s),,SH DOLLAR SHORT-TERM SECURITY INVESTMENT TRUST NO.1[BOND](CLASS_C-S,신한달러단기자금증권자투자신탁제1호(USD)[채권](종류C-s),KR5117420005,11121Y1200102ZZ21ZZE,KRZ502563897,0274460,0,채권형,00040067,해외,법인,00,M111,해당없음,공모,030480274460,판매중,K55210E55505,Y,00020027,5,낮은 위험
MSCI ACWI CR 50% + KAP Bond Index 01Y 50%,MSCI ACWI CR 50% + 종합채권01Y 50%,KRW,Y,000,글로벌,,0.87,10.94,,537180548806.0000,10,1.53,,,,,0,0010186C3694,0,배당,신한마음편한적격TDF2035[주혼재](Ae),,신한마음편한적격TDF2035증권자투자신탁[주식혼합-재간접형](종류A-e),신한마음편한적격TDF2035증권자투자신탁[주식혼합-재간접형](종류A-e),KR5117490056,161216120010211ZZZZC,KRZ502155642,0252650,0,재간접,00040067,해외,해당없음,00,M111,해당없음,공모,030480252650,판매중,K55210BR6480,Y,00020020,3,다소 높은 위험
MSCI ACWI,MSCI ACWI,KRW,N,000,글로벌,,,,,,10,,,,,,0,000000000000,0,배당,미래GL소비성장1재C2,,MIRAEASSET GLOBAL SPENDING GROWTH FEEDER FUND NO.1(EQUITY-FoFs)C2,미래에셋글로벌소비성장증권자투자신탁1호(주식-재간접형)C2,KR510909206M,00000000000000000000,KRZ501963354,610614,0,재간접,00080008,국내외혼합,해당없음,00,D102,해당없음,공모,031910610610,판매완료,KR5301AZ2615,Y,00020054,NULL,
KOSPI200 150%,KOSPI200 150%,KRW,,000,국내,,,,,,20,,,,,,0,000000000000,0,배당,NH-Amundi목표전환형3파혼C,,NH-AMUNDI 1.5배 레버리지 목표전환형 증권자투자신탁3호[주식혼합-파생형] C,NH-Amundi 1.5배 레버리지 목표전환형 증권자투자신탁3호[주식혼합-파생형] C,KR5144470061,00000000000000000000,KRZ501686182,00DP093,0,06,00040040,국내,해당없음,00,M101,해당없음,공모,0325700DP093,판매완료,KR5232A13627,Y,00020088,NULL,
MSCI ACWI CR 50% + KAP Bond Index 01Y 50%,MSCI ACWI CR 50% + 종합채권01Y 50%,KRW,Y,000,글로벌,27.70,-0.72,12.83,17.48,63158178767.0000,10,1.04,27.02,33.82,54.21,,0,0010660C7066,0,배당,한국투자적격TDF알아서2050H(주혼재)(Ce),,한국투자적격TDF알아서2050증권자투자신탁H(주식혼합-재간접형)(C-e),한국투자적격TDF알아서2050증권자투자신탁H(주식혼합-재간접형)(C-e),KR5113490093,161236120010211ZZZZC,KRZ502363965,0005W24,0,재간접,00040024,해외,해당없음,00,T250,해당없음,공모,032280005W24,판매중,K55101CU1586,Y,00020020,3,다소 높은 위험
MSCI ACWI,MSCI ACWI,KRW,Y,000,글로벌,17.32,-2.16,13.98,10.70,51225448110.0000,10,-0.24,15.33,32.00,71.04,34.33,0,000000000000,0,배당,미래에셋연금G그로스자1호(주식)Ce,,미래에셋연금글로벌그로스증권자투자신탁1호(주식)C-E,미래에셋연금글로벌그로스증권자투자신탁1호(주식)C-e,KR510902854M,00000000000000000000,KRZ501944892,484812,0,주식형,00080008,해외,개인,00,D106,해당없음,공모,031910484810,판매중,KR5301AY3069,Y,00020020,2,높은 위험
MSCI ACWI Information Technology,MSCI ACWI Information Technology,KRW,N,000,글로벌,64.60,3.88,30.61,41.24,12670163786.0000,10,3.44,68.22,68.66,119.01,120.08,0,0010192C6505,0,배당,DB글로벌차세대모빌리티자(UH)(주식)CP2,,DB글로벌차세대모빌리티증권자투자신탁(UH)[주식] 종류 C-P2,DB글로벌차세대모빌리티증권자투자신탁(UH)[주식] 종류 C-P2,KR5131450166,12123A12060021101ZZ2,KRZ50215168A,0062321,0,주식형,00040006,해외,해당없음,00,V102,해당없음,공모,030190062321,판매중,K55216BY4811,Y,00020004,2,높은 위험
MSCI ACWI,MSCI ACWI,KRW,Y,000,글로벌,,,,,,10,,,,,,0,000000000000,0,배당,도이치에그리자주식C3,,도이치에그리비즈니스증권자투자신탁[주식]Cls C3,도이치에그리비즈니스증권자투자신탁[주식]Cls C3,KR5143450014,00000000000000000000,KRZ500338898,81067,0,주식형,00040084,해외,해당없음,00,N114,해당없음,공모,032660081060,판매완료,KR5231993704,Y,00020088,NULL,
Barclays GLOBAL HIGH YIELD 35% + JACI Corporates 25% + MSCI ACWI 25% + JP Morgan GBI-EM 15%,바클레이 하이일드 35% + JP 회사채 25% + MSCI ACWI 25% + JP 이머징 15%,KRW,Y,000,글로벌,0.00,0.00,0.00,0.00,21499739985.0000,10,0.00,0.00,0.00,1.10,1.10,0,0011458C0432,0,배당,피델리티글로벌멀티인컴자(채혼-재)W,,FIDELITY KOREA-GLOBAL MULTI ASSET INCOME BABY INVESTMENT TRUST (BOND BALANCED-FUND OF FUNDS) W,피델리티글로벌멀티에셋인컴증권자투자신탁(채권혼합-재간접형)종류W,KR5148490097,16123B120010221ZZ26E,KRZ501890525,0054111,0,재간접,00080029,해외,해당없음,00,M112,해당없음,공모,033180054111,판매중,KR5235AR7706,Y,00020054,4,보통 위험
KAP Bond Index 02Y 90%,종합채권02Y 90%,KRW,,000,국내,,,,,3422242217.0000,20,,,,,,0,0010198C7801,0,배당,KBK성장과지배구조50전환2호(채재)C,,KB K-성장과 지배구조 50 목표전환 증권 투자신탁 제2호(채권-재간접형) C,KB K-성장과 지배구조 50 목표전환 증권 투자신탁 제2호(채권-재간접형) C,KR5127490402,161114320110131ZZZZ5,KRZ502648144,00034U0,0,재간접,00040035,국내,해당없음,00,V101,해당없음,공모,0302300034U0,판매중,K55223EP8092,Y,00020088,5,낮은 위험
MSCI JAPAN,MSCI JAPAN,KRW,Y,000,글로벌,,,,,,10,,,,,,0,000000000000,0,배당,미래재팬컨슈머1주C2,,MIRAEASSET JAPAN CONSUMER FUND 1(EQUITY)C2,미래에셋재팬컨슈머증권투자신탁1호(주식)C2,KR510902608M,00000000000000000000,KRZ500340104,00,0,주식형,00080008,해외,해당없음,00,C101,해당없음,공모,031910532110,판매완료,KR5301985846,,00020088,NULL,
MSCI ACWI CR 50% + KAP Bond Index 01Y 50%,MSCI ACWI CR 50% + 종합채권01Y 50%,KRW,Y,000,글로벌,22.81,0.52,8.92,10.29,461896253829.0000,10,1.56,20.79,28.90,49.54,,0,0011317C2371,0,배당,NH하나로적격TDF2030[주혼재]Ce,,NH-Amundi 하나로 적격  TDF 2030 증권투자신탁[주식혼합-재간접형] Class Ce,NH-Amundi 하나로 적격  TDF 2030 증권투자신탁[주식혼합-재간접형] Class Ce,KR5144490026,1613161200102ZZZZZZC,KRZ502341814,00BPM02,0,재간접,00040040,국내외혼합,해당없음,00,V103,해당없음,공모,0325700BPM02,판매중,K55232CI3671,Y,00020054,4,보통위험
MSCI CHINA,MSCI CHINA,KRW,Y,000,글로벌,3.46,-10.18,-6.74,-12.73,62415226868.0000,10,-2.10,-7.55,4.46,-8.08,-48.04,0,0011458C0487,0,배당,피델리티차이나컨슈머자투자(주식재간접)CP,,FIDELITY KOREA CHINA CONSUMER BABY INVESTMENT TRUST (EQUITY-FUND OF FUNDS) CLASS CP,피델리티차이나컨슈머증권자투자신탁(주식-재간접형) CP,KR518105012M,16123A1206017150120B,KRZ50173547G,AK978,0,재간접,00080029,해외,해당없음,00,G118,해당없음,공모,033180048111,판매중,KR5235AK9782,Y,00020054,2,높은 위험
KOSPI200 10% +  KAP Bond Index 01Y 90%,KOSPI200 10% + 종합채권 01Y 90%,KRW,,000,국내,9.62,-1.37,-0.50,2.61,27289531576.0000,10,2.04,1.70,9.54,16.27,18.06,0,0011959C0498,0,배당,트러스톤공모주알파투자(채권혼합)Cp2e,,트러스톤공모주알파증권투자신탁[채권혼합] CP2-E클래스,트러스톤공모주알파증권투자신탁[채권혼합] Cp2-E클래스,KR5172430057,14111612360012611ZZ5,KRZ50176464A,0036381,0,채권혼합,00080043,국내,해당없음,00,C103,해당없음,공모,029000036381,판매중,K55363BU1259,Y,00020003,4,보통 위험
KRX 300,KRX 300,KRW,N,000,국내,,,,,1993510039.0000,10,,,,,,0,0010183C2809,0,배당,교보악사파워KRX300인덱스(주-파)CPe(연금),,교보악사파워KRX300인덱스증권투자신탁(주식-파생형)CLASSC-PE(연금),교보악사파워KRX300인덱스증권투자신탁(주식-파생형)ClassC-Pe(연금),KR5120470046,12211A12036017111262,KRZ502233898,0322230,0,06,00040001,국내,개인,00,C103,해당없음,공모,030400322230,판매완료,K55207C81139,Y,00020020,NULL,
MSCI ACWI CR 25% + KAP Bond Index 01Y 75%,MSCI ACWI CR 25% + 종합채권01Y 75%,KRW,N,000,글로벌,5.18,-0.76,2.04,1.61,1010514234.0000,10,-0.64,3.85,7.98,15.03,17.52,0,0011458C0517,0,배당,피델리티월드Big4 40자(채권혼합재간접)CPe,,FIDELITY KOREA - WORLD BIG 4 40 BABY INVESTMENT TRUST (BOND BALANCED-FUND OF FUNDS) CLASS CP-E,피델리티월드Big4 40증권자투자신탁(채권혼합-재간접형)CP-e,KR5148490150,161236120600221ZZ26D,KRZ50204514G,59126,0,재간접,00080029,해외,해당없음,00,C103,해당없음,공모,033180059111,판매중,K55235BW6930,Y,00020054,5,낮은 위험
MSCI CHINA CR 15% + MSCI INDIA CR 15% + Bloomberg GLOBAL AGGREGATE(KRW HEDGED) 70%,MSCI CHINA CR 15% + MSCI INDIA CR 15% + Bloomberg GLOBAL AGGREGATE(KRW HEDGED) 70%,KRW,Y,000,글로벌,3.24,-0.93,-0.06,-2.26,678499841.0000,10,-0.70,2.64,7.96,14.04,0.13,0,000000000000,0,배당,미래에셋친디아업종리치플랜30자1(채혼)C5,,미래에셋친디아업종대표리치플랜30증권자투자신탁1호(채권혼합)C5,미래에셋친디아업종대표리치플랜30증권자투자신탁1호(채권혼합)C5,KR510904056M,1412341230106211226E,KRZ500282455,530846,0,채권혼합,00080008,해외,해당없음,00,D102,해당없음,공모,031910530841,판매중,KR5301986448,Y,00020054,5,낮은 위험
KOSPI200 10% +  KIS Bond Index 01Y 90%,KOSPI200 10% + KIS종합채권 01Y 90%,KRW,,000,국내,,,,,,10,,,,,,0,000000000000,0,배당,KTB웰빙안정증권투자회사[채권혼합]C4,,KTB웰빙안정증권투자회사[채권혼합]C4,KTB웰빙안정증권투자회사[채권혼합]C4,KR5552430024,00000000000000000000,KRZ700067364,24008,0,채권혼합,00080013,국내,해당없음,00,C103,해당없음,공모,032400024002,판매완료,KRM306975561,Y,00020081,NULL,
KAP CD 26W 90%,KAP CD 6개월  90%,KRW,,000,국내,4.23,0.11,0.53,1.24,1058130916058.0000,10,0.09,2.26,6.40,11.89,17.75,0,0010175C4664,0,배당,우리단기채권증권투자신탁(채권)A,,우리단기채권증권투자신탁(채권)CLASS A,우리단기채권증권투자신탁(채권)Class A,KR5118420070,111112120010135ZZZZ5,KRZ502040311,0005C94,0,채권형,00040007,국내,해당없음,00,V101,해당없음,공모,031010005C94,판매중,K55107BB0396,Y,00050004,6,매우 낮은 위험
Bloomberg GLOBAL AGGREGATE(KRW HEDGED) 90%,Bloomberg GLOBAL AGGREGATE(KRW HEDGED) 90%,KRW,Y,000,글로벌,5.53,0.29,0.84,0.87,193627727.0000,10,-0.13,4.03,9.58,14.43,7.97,0,0011973C0294,0,배당,iM에셋채권오퍼튜니티투자(채권재간접)(Ae),,IM ASSET FIXED INCOME GLOBAL OPPORTUNITIES -F (A-E),iM에셋글로벌채권오퍼튜니티증권투자신탁(채권-재간접형)(A-e),KR5181490083,16121612001023125ZZE,KRZ501978122,061212,0,재간접,00080035,해외,해당없음,00,D106,해당없음,공모,033750061210,판매중,K55366B24366,Y,00020054,5,낮은 위험
MSCI ACWI CR 35% + 국공채01Y 65%,MSCI ACWI CR 35% + 국공채01Y 65%,KRW,Y,000,글로벌,7.01,-0.19,3.07,1.62,17946648488.0000,10,0.81,4.54,14.92,27.16,19.42,0,0010204C1330,0,배당,카디안디딤글로벌리더스40자(채권혼합)C-P,,카디안 디딤글로벌리더스40증권자투자신탁[채권혼합] 클래스C-P(퇴직연금),카디안 디딤글로벌리더스40증권자투자신탁[채권혼합] 클래스C-P(퇴직연금),KR518104111M,14133412060022122ZZD,KRZ501349891,40632,0,채권혼합,00040038,해외,해당없음,00,M109,해당없음,공모,031890040631,판매중,K55229B47573,Y,00020054,4,보통 위험
MSCI BRAZIL,MSCI BRAZIL,KRW,N,000,남미/북미,,,,,9934131079.0000,10,,,,,,0,000000000000,0,배당,미래에셋브라질업종대표자1호(주식)C3,,미래에셋브라질업종대표증권자투자신탁1호(주식) 종류C3,미래에셋브라질업종대표증권자투자신탁1호(주식) 종류C3,KR5153450104,00000000000000000000,KRZ500425918,0532490,0,주식형,00080008,해외,해당없음,00,C103,해당없음,공모,031910532490,판매중,KR5301984989,Y,00020027,1,매우 높은 위험
MSCI EUROPE,MSCI EUROPE,KRW,Y,000,글로벌,21.10,2.68,5.03,6.64,4508010890.0000,10,-0.22,13.15,22.79,39.60,47.96,0,0010203C0616,0,배당,우리알리안츠유럽배당자(주-재)(H)C,,우리 알리안츠 유럽 배당 증권 자투자신탁[주식_재간접형](H) CLASS C,우리알리안츠유럽배당증권자투자신탁[주식_재간접형](H)ClassC,KR5138590021,1612341230124141126A,KRZ501908223,000Q167,0,재간접,00040007,해외,해당없음,00,D102,해당없음,공모,03101000Q164,판매중,KR5228AT7554,Y,00020054,3,다소 높은 위험
KOSPI200 10% +  KIS Bond Index 01Y 90%,KOSPI200 10% + KIS종합채권 01Y 90%,KRW,N,000,글로벌,,,,,,10,,,,,,0,000000000000,0,배당,미래GL퍼블릭1채혼C2,,MIRAEASSET GLOBAL PUBLIC FUND NO.1(BOND-HYBRID)-C2,미래에셋글로벌퍼블릭증권투자신탁1호(채권혼합)종류C2,KR513504011M,00000000000000000000,KRZ500296833,480393,0,채권혼합,00080008,국내외혼합,법인,00,M111,해당없음,공모,031910480390,판매완료,KR5225644693,Y,00020027,NULL,
KOSPI200 25% + KIS Bond Index 01Y 75%,KOSPI200 25% + KIS채권종합01Y 75%,KRW,,000,국내,,,,,,20,,,,,,0,000000000000,0,배당,KTB삼성인컴1채권혼합,,KTB삼성인컴증권투자신탁제1호[채권혼합],KTB삼성인컴증권투자신탁제1호[채권혼합],KR5152930041,00000000000000000000,KRZ501780430,0014200,0,채권혼합,00080013,국내,해당없음,00,V101,해당없음,공모,032400014200,판매완료,KR5306AC9398,Y,00020081,NULL,
KOSPI 200,KOSPI200,KRW,,000,국내,228.14,1.85,46.75,96.16,892144859507.0000,10,8.73,173.31,188.02,214.71,180.46,0,0010214C1463,0,배당,마이다스책임투자증권투자신탁(주식)CP1,,마이다스 책임투자 증권투자신탁(주식) C-P1,마이다스 책임투자 증권투자신탁(주식) C-P1,KR5157450018,12111A12036011111113,KRZ50156032A,0053004,0,주식형,00080005,국내,개인,00,N167,해당없음,공모,031740053004,판매중,K55303BA2239,Y,00020027,2,높은 위험
MSCI ZHONG HUA,MSCI ZHONG HUA,KRW,Y,000,글로벌,28.09,-10.00,-4.28,-3.38,33446696192.0000,10,-4.79,19.71,49.98,43.94,-16.53,0,000000000111,0,배당,미래에셋차이나디스커버리1호(주식)Ae,,MIRAE ASSET CHINA DISCOVERY FUND 1(EQUITY)A-E,미래에셋차이나디스커버리증권투자신탁1호(주식)(A-e),KR5153450721,1212161200117110120B,KRZ501191505,0530400,0,주식형,00080008,해외,해당없음,00,C101,해당없음,공모,031910530400,판매중,K55301C03522,Y,00020054,2,높은 위험
MSCI ACWI,MSCI ACWI,KRW,Y,000,글로벌,,,,,499709274.0000,10,,,,,,0,0010182C2565,0,배당,키움글로벌주식트렌드EMP[주식-재]CP2,,키움글로벌주식트렌드EMP증권투자신탁[주식-재간접형]CP2,키움글로벌주식트렌드EMP증권투자신탁[주식-재간접형]CP2,KR5185490019,16121A120600226ZZZZB,KRZ502073998,0002705,0,재간접,00080052,해외,해당없음,00,C103,해당없음,공모,030270002705,판매완료,K55206BF9443,Y,00020054,NULL,
MSCI ACWI Health Care,MSCI ACWI Health Care,KRW,Y,000,글로벌,3.89,2.10,-0.23,-2.00,17830297231.0000,10,-0.29,8.38,-0.54,10.48,9.12,0,0011973C0359,0,배당,iM에셋월드헬스사이언스[주식-재간접]Cp,,IM ASSET WORLD HEALTHSCIENCE-F(C-P),iM에셋월드헬스사이언스증권투자신탁(주식-재간접형)(C-p),KR5181490208,1612141203602150118C,KRZ50198935B,061621,0,재간접,00080035,해외,개인,00,O117,해당없음,공모,033750061610,판매중,K55366B29217,Y,00020054,3,다소 높은 위험
MSCI ACWI Information Technology,MSCI ACWI Information Technology,KRW,Y,000,글로벌,53.37,2.80,29.33,37.94,57331012096.0000,10,3.95,54.63,50.43,80.48,61.50,0,0010192C6499,0,배당,DB글로벌차세대모빌리티자(H)(주식)CP,,DB글로벌차세대모빌리티증권자투자신탁(H)[주식] 종류 C-P,DB글로벌차세대모빌리티증권자투자신탁(H)[주식] 종류 C-P,KR5131450154,12123A12036021101ZZB,KRZ502151638,0062301,0,주식형,00040006,해외,개인,00,N130,해당없음,공모,030190062301,판매중,K55216BY4738,Y,00020004,2,높은 위험
MSCI ACWI  90% + Call 10%,MSCI ACWI  90% + Call 10%,KRW,Y,000,글로벌,28.45,5.22,16.06,10.80,170015505486.0000,10,-4.08,31.28,34.79,69.11,57.76,0,0010173C6585,0,배당,삼성픽테로보틱스자투자H(주식재간접)CP,,삼성픽테로보틱스증권자투자신탁H[주식-재간접형]_C-P,삼성픽테로보틱스증권자투자신탁H[주식-재간접형]_C-P,KR5114490108,16123A12036021111ZZB,KRZ502066378,01MBC00,0,재간접,00040010,해외,개인,00,M111,해당없음,공모,0302001MBC00,판매중,K55105BF5443,Y,00020088,2,높은 위험
TOPIX 100 CR,TOPIX 100 CR,KRW,Y,000,아시아,65.82,1.59,18.87,27.14,4833758068.0000,10,-3.55,70.99,70.90,105.31,143.70,0,000000000000,0,배당,신한일본인덱스자제1호(H)(주식)(A1),,SH JAPAN INDEX SECURITY FEEDER INVESTMENT TRUST NO.1(H)[EQUITY](CLASS_A1),신한일본인덱스증권자투자신탁제1호(H)[주식](종류A1),KR5119450060,00000000000000000000,KRZ500329621,0004070,0,주식형,00040067,해외,해당없음,00,M111,해당없음,공모,030480004070,판매중,KR5219662834,Y,00020027,2,높은 위험
KOSPI200 5% +  KIS Bond Index 01Y 95%,KOSPI200 5% + KIS종합채권 01Y 95%,KRW,,000,국내,,,,,,10,,,,,,0,000000000000,0,배당,미래알파분기배당파A,,미래에셋알파분기배당증권자투자신탁(주식혼합-파생형)종류A,미래에셋알파분기배당증권자투자신탁(주식혼합-파생형)종류A,KR5137470070,00000000000000000000,KRZ500585641,0482520,0,06,00080008,국내,해당없음,00,M109,해당없음,공모,031910482520,판매완료,KR5225146558,Y,00020088,NULL,
KOSPI200 70% + HANG SENG CHINA(H) CR 30%,KOSPI200 70% + 항셍H주 CR 30%,KRW,Y,000,아시아,,,,,,10,,,,,,0,000000000000,0,배당,동양듀얼인덱스자H주A,,동양듀얼인덱스증권자투자신탁H(주식)Class A,동양듀얼인덱스증권자투자신탁H(주식)Class A,KR5118450020,00000000000000000000,KRZ500554161,00098A0,0,주식형,00040007,해외,해당없음,00,V101,해당없음,공모,0310100098A0,판매완료,KR5107921029,Y,00020004,NULL,
MSCI BRAZIL(in KRW) 40% + Bloomberg EMERGING AMERICAS: BRAZIL(in KRW) 60%,MSCI BRAZIL(원화환산) 40% + Bloomberg EMERGING AMERICAS: BRAZIL(원화환산) 60%,KRW,N,000,글로벌,,,,,,10,,,,,,0,000000000000,0,배당,미래브라질UH채혼파C2,,MIRAEASSET  BRAZIL MULTI MARKET FUND(UH)(BOND HYBRID-DERIVATIVES)C2,미래에셋브라질멀티마켓증권자투자신탁(UH)(채권혼합-파생형)종류C2,KR513509044M,00000000000000000000,KRZ500665773,483023,0,06,00080008,해외,해당없음,00,M109,해당없음,공모,031910483020,판매완료,KR5225965627,Y,00020027,NULL,
채권종합 3M~1Y,종합채권 3개월~1년,KRW,,000,국내,,,,,16159271922.0000,20,,,,,,0,0010186C8884,0,배당,신한1.5년만기투자형증권2호[채권](C-r),,SH 1.5YEARS MATURITY INVESTMENT TYPE SECURITY INVESTMENT TRUST NO.2[BOND](CLASS_C-R),신한1.5년만기투자형증권투자신탁제2호[채권](종류C-r),KR5117420068,11111A327600131ZZZZ5,KRZ502535307,0272960,0,채권형,00040067,국내,해당없음,00,D102,해당없음,공모,030480272960,판매완료,K55210DZ1562,Y,00020020,NULL,
KOSPI 200,KOSPI200,KRW,,000,국내,295.01,3.72,59.22,126.40,96522946296.0000,10,8.96,236.12,,,,0,0010183C2581,0,배당,교보악사파워인덱스자2호(주식)CR,,교보악사파워인덱스증권자투자신탁2호[주식]Class C-R,교보악사파워인덱스증권자투자신탁2호[주식]Class C-R,KR5120451000,12113A120600171ZZ122,KRZ501362377,0214501,0,주식형,00040001,국내,해당없음,00,V101,해당없음,공모,030400214501,판매중,K55207BT7598,Y,00020020,2,높은 위험
KOSPI200 5% +  KAP Bond Index 01Y 95%,KOSPI200 5% + 종합채권 01Y 95%,KRW,,000,국내,51.25,-1.64,18.46,36.32,419392621.0000,10,3.30,40.50,35.10,31.41,,0,0010186C7848,0,배당,신한코리아롱숏청년형소장증권[주식](Ce),,SH KOREA LONG SHORT YOUTH INCOME TAX DEDUCTION LONG-TERM SECURITY FEEDER INVESTMENT TRUST [EQUITY](C,신한코리아롱숏청년형소득공제장기증권자투자신탁[주식](종류C-e),KR5119450147,12113612004011111ZZ2,KRZ502505204,0270480,0,주식형,00040067,국내,개인,00,M109,해당없음,공모,030480270480,판매중,K55210DS1611,Y,00020054,3,다소 높은 위험
S&P500 CR 60% + MSCI EUROPE CR 40%,S&P500 CR 60% + MSCI EUROPE CR 40%,KRW,Y,000,글로벌,,,,,,10,,,,,,0,000000000000,0,배당,대신유럽미국주재C-i,,DAESHIN MORNING STAR EUROPE US FEEDER FUND(EQUITY-FOFs)C-i,대신모닝스타유럽미국증권투자신탁(주식-재간접형)C-i,KR512709010M,00000000000000000000,KRZ501850826,44026,0,재간접,00040004,해외,해당없음,00,C103,해당없음,공모,030330044021,판매완료,KR5203AM0449,Y,00020088,NULL,
KAP Bond Index 02Y 90%,종합채권02Y 90%,KRW,,000,국내,1.58,-0.05,-0.28,-0.34,46153757595.0000,10,0.38,-0.17,4.69,17.51,16.76,0,0010660C5757,0,배당,한국투자골드플랜연금전환형자1(채권)Ce,,KM PENSION BOND TRUST A1CLASS 00,한국투자골드플랜연금증권전환형자투자신탁 1(채권) 종류Ce,KR5113420015,11111612036013223ZZ5,KRZ501059917,0003556,0,채권형,00040024,국내,개인,00,D102,해당없음,공모,032280003556,판매중,KR5101AT3597,Y,00020081,5,낮은 위험
KOSPI200 25% + KAP Bond Index 01Y 75%,KOSPI200 25% + 종합채권01Y 75%,KRW,,000,국내,55.93,1.90,17.98,31.32,51006735181.0000,10,3.14,47.19,55.76,61.36,,0,0010198C5471,0,배당,KB밸류초이스30투자신탁(채권혼합)C퇴직e,,KB VALUE CHOICE 30 SECURITIES FUND(BOND MIXED) C-RPE,KB 밸류 초이스 30 증권 투자신탁(채권혼합) C-퇴직e 클래스,KR5127430035,14111A12060012211ZZ4,KRZ50188533E,0002K51,0,채권혼합,00040035,국내,해당없음,00,D102,해당없음,공모,030230002K51,판매중,K55223DO1339,Y,00050004,4,보통 위험
MSCI EUROPE SMALL CAP,MSCI EUROPE SMALL CAP,KRW,Y,000,유럽,11.12,0.66,1.74,1.72,752707442.0000,10,-0.62,1.74,7.00,17.53,3.91,0,0010173C5558,0,배당,삼성아문디유럽중소형자(H)(주식재간접)Ce,,삼성아문디유럽중소형증권자투자신탁(H)[주식-재간접형]_CE,삼성아문디유럽중소형증권자투자신탁(H)[주식-재간접형]_Ce,KR5114490197,16123612018241113ZZB,KRZ501977024,01MA300,0,재간접,00040010,해외,해당없음,00,V102,해당없음,공모,0302001MA300,판매중,K55105B21893,Y,00020088,2,높은 위험
MSCI ACWI Health Care,MSCI ACWI Health Care,KRW,N,000,글로벌,2.82,-13.58,-16.78,-23.68,7860070696.0000,10,-2.64,-22.70,0.51,-4.60,-48.14,0,0010192C7188,0,배당,DB차이나바이오헬스케어자투자UH[주식]CP,,DB차이나바이오헬스케어증권자투자신탁(UH)[주식] 종류 C-P,DB차이나바이오헬스케어증권자투자신탁(UH)[주식] 종류 C-P,KR5131450108,12123A12036171111ZZ1,KRZ50233350A,0062721,0,주식형,00040006,해외,개인,00,M111,해당없음,공모,030190062721,판매중,K55216CJ4207,Y,00020081,1,매우 높은 위험
MSCI GERMANY,MSCI GERMANY,KRW,Y,000,유럽,18.35,0.14,2.86,0.77,5561831372.0000,10,-2.79,1.98,23.98,37.96,41.12,0,0010206C0465,0,배당,베어링독일증권자투자(H)(주식재간접)CP2e,,베어링독일증권자투자신탁[H](주식-재간접형)Class C-P2e,베어링독일증권자투자신탁[H](주식-재간접형)Class C-P2e,KR5156490026,16123A1206008110120B,KRZ50200740H,0068911,0,재간접,00080019,해외,해당없음,00,DEU ,해당없음,공모,032530068911,판매중,K55302BU0115,Y,00020081,3,다소 높은 위험
S&P 500(KRW),S&P 500(KRW),KRW,N,000,남미/북미,25.77,1.86,11.12,9.15,9371714409.0000,10,-0.15,25.66,47.91,93.92,113.17,0,000000000000,0,배당,삼성미국코어주식자UH(주식)Ce,,삼성미국코어주식증권자투자신탁UH[주식]CE,삼성미국코어주식증권자투자신탁UH[주식]Ce,KR5114450269,00000000000000000000,KRZ500613566,02MD500,0,주식형,00040010,해외,해당없음,00,M111,해당없음,공모,0302002MD500,판매중,KR5105177327,Y,00020004,3,다소 높은 위험
MSCI BRAZIL CR 50% + MSCI RUSSIA CR 50%,MSCI BRAZIL CR 50% + MSCI RUSSIA CR 50%,KRW,Y,000,글로벌,,,,,0.0000,10,,,,,,0,000000000000,0,배당,미래에셋브라질러시아업종대표자1(주식)C2,,MIRAE ASSET BRAZIL RUSSIA SECTOR LEADERCLASS 07,미래에셋브라질러시아업종대표증권자투자신탁1호(주식)C2,KR510902540M,00000000000000000000,KRZ500466027,532523,0,주식형,00080008,해외,해당없음,00,N138,해당없음,공모,031910532520,판매중,KR5301984930,Y,00020027,2,높은 위험
MSCI NORTH AMERICA,MSCI NORTH AMERICA,KRW,N,000,남미/북미,28.00,0.92,10.81,10.70,89909782849.0000,10,-1.00,34.39,45.02,95.63,131.71,0,0010205C5455,0,배당,미래에셋미국배당커버드콜자(주식)(UH)CP2e,,미래에셋미국배당커버드콜액티브증권자투자신탁(주식)(UH)종류C-P2e,미래에셋미국배당커버드콜액티브증권자투자신탁(주식)(UH)종류C-P2e,KR5153450602,12123612060101401ZZ2,KRZ50210890H,0480750,0,주식형,00080008,해외,해당없음,00,C101,해당없음,공모,031910480750,판매중,K55301C65992,Y,00020027,3,다소 높은 위험
MSCI ACWI CR 25% + KAP Bond Index 01Y 75%,MSCI ACWI CR 25% + 종합채권01Y 75%,KRW,N,410,국내,15.37,-0.98,6.37,9.68,176345349225.0000,10,2.82,18.49,24.82,46.14,,0,0010660C7687,0,배당,한투OCIO알아서자투자(채-재)CR2,,한국투자OCIO알아서증권자투자신탁(채권혼합-재간접형)C-R2,한국투자OCIO알아서증권자투자신탁(채권혼합-재간접형)C-R2,KR5113490119,16133A120600121ZZZZ4,KRZ502483134,0007G04,0,재간접,00040024,국내외혼합,해당없음,00,D102,해당없음,공모,032280007G04,판매중,K55101DN1048,Y,00020020,4,보통 위험
MSCI ACWI,MSCI ACWI,KRW,Y,000,글로벌,5.61,-0.04,8.07,-1.99,55631058716.0000,10,-1.16,5.15,15.66,43.62,4.70,0,000000000000,0,배당,미래에셋퇴직플랜GL그레이트자1(주식)C,,미래에셋퇴직플랜글로벌그레이트컨슈머증권자투자신탁1호(주식)종류C,미래에셋퇴직플랜글로벌그레이트컨슈머증권자투자신탁1호(주식)종류C,KR5153550001,00000000000000000000,KRZ501863991,0513950,0,주식형,00080008,해외,해당없음,00,M111,해당없음,공모,031910513950,판매중,KR5301A53204,Y,00020004,2,높은 위험
NASDAQ 100,나스닥 100,KRW,Y,410,남미/북미,31.59,0.00,18.70,15.22,764007235822.0000,10,1.57,30.36,44.94,85.56,91.91,0,0010198C3012,0,배당,KB스타미국나스닥100인덱스자[주-파](H)A,,KB스타 미국 나스닥 100 인덱스 증권 자투자신탁(주식-파생형)(H) A,KB스타 미국 나스닥 100 인덱스 증권 자투자신탁(주식-파생형)(H) A,KR5127470090,1222321200110511126B,KRZ502197721,0002Z31,0,06,00040035,해외,해당없음,00,M111,해당없음,공모,030230002Z31,판매중,K55223C05531,Y,00020054,2,높은 위험
MSCI EUROPE,MSCI EUROPE,KRW,Y,000,글로벌,,,,,,10,,,,,,0,000000000000,0,배당,미래인덱스로유럽주Ci,,MIRAEASSET  INDEXRO EUROPE FUND(EQUITY)(C-Ci),미래에셋인덱스로유럽증권자투자신탁(주식)종류C-i,KR513502063M,00000000000000000000,KRZ500391293,481113,0,주식형,00080008,해외,법인,00,C103,해당없음,공모,031910481110,판매완료,KR5225730013,Y,00020027,NULL,
KOSPI200 5% +  KAP Bond Index 01Y 95%,KOSPI200 5% + 종합채권 01Y 95%,KRW,,000,국내,24.51,0.06,6.95,10.53,4565404751.0000,10,0.41,16.28,24.37,35.61,54.19,0,0010214C1183,0,배당,마이다스거북이50연금저축자1호(주혼)C,,MIDAS TURTLE 50 PENSION FEEDER FUND NO.1(EQUITY-HYBRID)C,마이다스거북이50연금저축증권자투자신탁1호(주식혼합)C,KR513403007M,13113412036012111265,KRZ501844861,53598,0,주식혼합,00080005,국내,개인,00,C103,해당없음,공모,031740053597,판매중,KR5303AL6123,Y,00020081,5,낮은 위험
MSCI ACWI Energy,MSCI ACWI Energy,KRW,N,000,글로벌,43.14,2.10,4.22,31.97,10212550062.0000,10,-0.94,49.66,47.23,84.14,185.11,0,0011973C0475,0,배당,iM에셋월드에너지자(주식재간접)(UH)CPe,,IM ASSET WORLD ENERGY FUND - UN - HEDGED FEEDERCLASS  C-PE,iM에셋월드에너지증권자투자신탁(주식-재간접형)(UH)(C-Pe),KR5181450043,16123612069021500000,KRZ50151924F,0F0462,0,재간접,00080035,해외,개인,00,M112,해당없음,공모,0337500F0450,판매중,K55366BU9762,Y,00020054,2,높은 위험
MSCI BRIC,MSCI BRIC,KRW,Y,000,글로벌,26.18,-5.75,0.67,-1.69,2454302381.0000,10,-2.95,16.57,36.75,39.72,-7.38,0,0010205C4697,0,배당,미래에셋퇴직플랜BRICS업종자1(주)CP2e,,미래에셋퇴직플랜BRICs업종대표증권자투자신탁1호(주식) 종류C-P2e,미래에셋퇴직플랜BRICs업종대표증권자투자신탁1호(주식) 종류C-P2e,KR5153450560,12123A1206012111223B,KRZ501465042,0513631,0,주식형,00080008,해외,해당없음,00,D102,해당없음,공모,031910513631,판매중,K55301BW0155,Y,00020027,3,다소 높은 위험
KOSPI200 25% + KAP Bond Index 01Y 75%,KOSPI200 25% + 종합채권01Y 75%,KRW,,000,국내,21.21,0.36,6.11,12.03,1698136332.0000,10,0.30,16.25,19.09,27.81,30.56,0,0010205C3250,0,배당,미래에셋스마트롱숏30증권자2(채-혼)Ae,,미래에셋스마트롱숏30증권자투자신탁2호(채권혼합)A-E,미래에셋스마트롱숏30증권자투자신탁2호(채권혼합)A-e,KR510904141M,14113612001012111265,KRZ502034182,0484620,0,채권혼합,00080008,국내,해당없음,00,D102,해당없음,공모,031910484620,판매중,K55301BA3627,Y,00020088,5,낮은 위험
KOSPI200 25% + KAP Bond Index 01Y 75%,KOSPI200 25% + 종합채권01Y 75%,KRW,,000,국내,49.43,-1.62,17.99,35.19,9710159335.0000,10,3.23,39.28,,,,0,0010186C4519,0,배당,신한코리아롱숏증권자[주식]C-re,,SHBNPP Korea Long Short Security Feeder [Equity](Class_C-re),신한코리아롱숏증권자투자신탁[주식](종류C-re),KR5119450058,12113612060011111ZZ4,KRZ50186865E,0251200,0,주식형,00040067,국내,해당없음,00,F103,해당없음,공모,030480251200,판매중,K55210C79855,Y,00020054,3,다소 높은 위험
MSCI ACWI CR 50% + KAP Bond Index 01Y 50%,MSCI ACWI CR 50% + 종합채권01Y 50%,KRW,Y,000,글로벌,14.27,0.49,6.85,8.25,56486534604.0000,10,0.51,14.65,20.65,34.21,23.61,0,0010182C3396,0,배당,키움키워드림적격TDF2025제1[채혼재]CP2e퇴,,키움키워드림적격TDF2025증권투자신탁제1호[채권혼합-재간접형] Class C-P2e(퇴직연금),키움키워드림적격TDF2025증권투자신탁제1호[채권혼합-재간접형] Class C-P2e(퇴직연금),KR5123490065,16121A120600211ZZZZC,KRZ50224310A,0008310,0,재간접,00080052,해외,해당없음,00,C103,해당없음,공모,030270008310,판매중,K55206C95636,Y,00020004,4,보통 위험
MSCI ACWI CR 50% + KAP Bond Index 01Y 50%,MSCI ACWI CR 50% + 종합채권01Y 50%,KRW,N,000,글로벌,20.51,-0.21,9.26,11.14,125977010192.0000,10,1.28,21.00,32.38,,,0,0010660C8085,0,배당,한국투자적격TDF알아서ETF포커스2030(주혼재)(CRe),,한국투자적격TDF알아서ETF포커스2030증권투자신탁(주식혼합-재간접형)(C-Re),한국투자적격TDF알아서ETF포커스2030증권투자신탁(주식혼합-재간접형)(C-Re),KR5113490169,161216120600211ZZZZ3,KRZ502528643,0007J66,0,재간접,00040024,해외,법인,00,G115,해당없음,공모,032280007J66,판매중,K55101DX8306,Y,00020027,4,보통 위험
MSCI ACWI CR 50% + KAP Bond Index 01Y 50%,MSCI ACWI CR 50% + 종합채권01Y 50%,KRW,Y,000,글로벌,27.75,-0.71,12.84,17.50,63158178767.0000,10,1.04,27.05,33.89,54.34,,0,0010660C7070,0,배당,한국투자적격TDF알아서2050H(주혼재)(CPe),,한국투자적격TDF알아서2050증권자투자신탁H(주식혼합-재간접형)(C-Pe),한국투자적격TDF알아서2050증권자투자신탁H(주식혼합-재간접형)(C-Pe),KR5113490095,161236120360211ZZZZC,KRZ502363969,0005W24,0,재간접,00040024,해외,개인,00,F103,해당없음,공모,032280005W24,판매중,K55101CU1628,Y,00020020,3,다소 높은 위험
KOSPI200 25% + KAP Bond Index 01Y 75%,KOSPI200 25% + 종합채권01Y 75%,KRW,,000,국내,62.72,0.85,17.00,32.65,13470034469.0000,10,3.60,51.70,58.82,68.97,57.41,0,000000000000,0,배당,미래에셋퇴직플랜자1호(채권혼합)C,,미래에셋 퇴직플랜 증권 자투자신탁1호(채권혼합)C,미래에셋 퇴직플랜 증권 자투자신탁1호(채권혼합)C,KR518104012M,00000000000000000000,KRZ501211471,51303C,0,채권혼합,00080008,국내,해당없음,00,C103,해당없음,공모,031910513031,판매중,K55301BV2616,Y,00020088,4,보통 위험
KOSPI200 25% + KAP Bond Index 01Y 75%,KOSPI200 25% + 종합채권01Y 75%,KRW,,000,국내,19.69,-0.14,4.03,8.68,19328836062.0000,10,2.30,12.29,,,,0,0010199C4152,0,배당,흥국공모주로우볼채움플러스1호[채혼]Cp2,,흥국공모주로우볼채움플러스증권투자신탁1호[채권혼합]C-p2,흥국공모주로우볼채움플러스증권투자신탁1호[채권혼합]C-p2,KR5139430090,14111A120600121ZZZZ5,KRZ502008678,0005870,0,채권혼합,00040021,국내,해당없음,00,D102,해당없음,공모,032560005870,판매중,K55224B38383,Y,00020011,5,낮은 위험
MSCI ACWI CR 50% + KAP Bond Index 01Y 50%,MSCI ACWI CR 50% + 종합채권01Y 50%,KRW,Y,000,글로벌,,1.01,13.93,19.02,28211750829.0000,10,1.53,,,,,0,0010186C00AI,0,배당,신한마음편한적격TDF2060[주혼재](Cre),,신한마음편한적격TDF2060증권자투자신탁[주식혼합-재간접형](종류C-re),신한마음편한적격TDF2060증권자투자신탁[주식혼합-재간접형](종류C-re),KR5117490413,161236120600211ZZZZB,KRZ50260790B,0275280,0,재간접,00040067,해외,해당없음,00,C101,해당없음,공모,030480275280,판매중,K55210EF5863,Y,00020020,2,높은 위험
KAP Treasury 02Y 90%,국공채02Y 90%,KRW,,000,국내,-1.23,-0.04,-0.64,-1.07,75910646792.0000,10,0.67,-2.79,2.67,8.04,4.60,0,000000000000,0,배당,KINDEX국공채액티브,,한국투자KINDEX중장기국공채액티브증권상장지수투자신탁(채권),한국투자KINDEX중장기국공채액티브증권상장지수투자신탁(채권),KR5113420060,00000000000000000000,KR7272910001,009001D,0,채권형,00040024,국내,해당없음,00,M113,해당없음,공모,03228009001D,판매완료,K55101BQ9602,,00020081,5,낮은 위험
KOSDAQ 70% + KOSPI 30%,KOSDAQ 70% + KOSPI 30%,KRW,,000,국내,151.50,-3.09,18.55,58.65,35105218419.0000,10,14.93,112.47,103.70,137.44,117.61,0,000000000000,0,배당,미래에셋코스닥혁신주F,,미래에셋코스닥혁신성장증권자투자신탁(주식)F,미래에셋코스닥혁신성장증권자투자신탁(주식)F,KR510902988M,00000000000000000000,KRZ50206799A,46651F,0,주식형,00080008,국내,해당없음,00,M109,해당없음,공모,031910466510,판매중,K55301BE5875,Y,00020004,2,높은 위험
MSCI CHINA CR 40% + 국공채01Y 60%,MSCI CHINA CR 40% + 국공채01Y 60%,KRW,Y,000,아시아,6.97,-2.91,-2.40,-2.87,441330744.0000,10,-0.82,2.87,12.35,8.61,-6.79,0,0010654C0409,0,배당,키움슈로더차이나퇴직40자(채혼-재)Ce,,키움슈로더차이나퇴직연금밸런스드40증권자투자신탁(채권혼합-재간접형) 종류C-e,키움슈로더차이나퇴직연금밸런스드40증권자투자신탁(채권혼합-재간접형) 종류C-e,KR5142430010,1613361206017211126D,KRZ501677392,0007A91,0,채권혼합,00040013,국내외혼합,해당없음,00,D106,해당없음,공모,032580007A91,판매중,K55230BT8290,Y,00020027,4,보통 위험
MSCI ACWI CR 50% + KAP Bond Index 01Y 50%,MSCI ACWI CR 50% + 종합채권01Y 50%,KRW,Y,000,글로벌,24.01,0.79,9.38,13.00,360006182385.0000,10,1.47,23.52,31.12,53.58,47.03,0,0010186C3805,0,배당,신한마음편한적격TDF2030[주혼재](Cre),,신한마음편한적격TDF2030증권자투자신탁[주식혼합-재간접형](종류C-re),신한마음편한적격TDF2030증권자투자신탁[주식혼합-재간접형](종류C-re),KR5117490045,161216120010221ZZZZ3,KRZ50215566E,0252660,0,재간접,00040067,해외,해당없음,00,V102,해당없음,공모,030480252660,판매중,K55210BU2385,Y,00020020,3,다소 높은 위험
KOSPI200 50% + KAP Bond Index 01Y 50%,KOSPI200 50% + 종합채권01Y 50%,KRW,,000,국내,110.36,1.33,27.06,52.47,12604729146.0000,10,4.65,89.31,102.64,116.02,93.52,0,0010173C6643,0,배당,삼성클래식60연금전환자투자1(주식혼합)C,,삼성클래식60연금증권전환형자투자신탁제1호(주식혼합)C,삼성클래식60연금증권전환형자투자신탁제1호(주식혼합)C,KR5114440021,13113412036012111114,KRZ501749321,0209922,0,주식혼합,00040010,국내,개인,00,G110,해당없음,공모,030200209922,판매중,K55105BH0962,Y,00020081,3,다소 높은 위험
S&P 500 95% + CALL 5%,S&P 500 95% + CALL 5%,KRW,Y,000,남미/북미,17.70,-0.74,10.34,7.17,256674214309.0000,10,0.10,19.39,,,,0,0010173C5884,0,배당,삼성미국S&P500인덱스증권자H[주]Cp(퇴직),,삼성미국S&P500인덱스증권자투자신탁H[주식]_CP(퇴직연금),삼성미국S&P500인덱스증권자투자신탁H[주식]_Cp(퇴직연금),KR5114450628,12123A1206010710120B,KRZ50201556C,02MFY00,0,주식형,00040010,해외,해당없음,00,USA ,해당없음,공모,0302002MFY00,판매중,K55105B77424,Y,00020004,3,다소 높은 위험
HO CHI MINH STOCK INDEX(KRW),베트남 호치민(KRW),KRW,N,000,글로벌,26.73,-3.23,-0.71,4.08,88424720212.0000,10,-2.46,38.12,30.10,67.12,64.26,0,0010205C3577,0,배당,미래에셋베트남자1호(UH)(주식)CPe,,MIRAEASSET VIETNAM FEEDER FUND NO.1(UH)(EQUITY)C-Pe,미래에셋베트남증권자투자신탁1호(UH)(주식)C-Pe,KR510902976M,12123612036191101262,KRZ50205320C,48054B,0,주식형,00080008,해외,개인,00,G118,해당없음,공모,031910480540,판매중,K55301BC5232,Y,00020054,2,높은 위험
MSCI ACWI,MSCI ACWI,KRW,N,000,글로벌,36.64,1.02,12.35,13.80,40504772473.0000,10,-0.81,37.16,54.01,,,0,0010205C6060,0,배당,미래에셋MSCIAC월드인덱자UH(주식)C-P2,,MIRAE ASSET MSCIACWORLD INDEX FEEDER INVESTMENT TRUST (EQUITY)(UH) CLASS C-P2,미래에셋MSCIAC월드인덱스증권자투자신탁(주식)(UH) 종류C-P2,KR5153450875,12123A12060027101213,KRZ50214267E,0537440,0,주식형,00080008,해외,해당없음,00,D102,해당없음,공모,031910537440,판매중,K55301D89578,Y,00020027,3,다소 높은 위험
MSCI ACWI CR 25% + KAP Bond Index 01Y 75%,MSCI ACWI CR 25% + 종합채권01Y 75%,KRW,Y,000,글로벌,,,,,0.0000,10,,,,,,0,000000000000,0,배당,미래에셋평생소득안정혼합자산자투자 C-P,,미래에셋평생소득안정혼합자산자투자신탁 종류C-P,미래에셋평생소득안정혼합자산자투자신탁 종류C-P,KR5153480014,00000000000000000000,KRZ502166039,0308330,0,혼합자산,00080008,국내외혼합,개인,00,D102,해당없음,공모,031910308330,판매완료,K55301BU5271,Y,00020004,NULL,
DWGRTT 90%,DWGRTT 90%,KRW,Y,000,남미/북미,2.19,1.15,5.76,12.03,13624709527.0000,10,0.26,7.01,15.51,17.22,,0,0010173C9241,0,배당,삼성누버거버먼미국리츠H(R-재)Cp(퇴직),,삼성누버거버먼미국리츠부동산자투자신탁H[REITS-재간접형]_CP(퇴직),삼성누버거버먼미국리츠부동산자투자신탁H[REITs-재간접형]_Cp(퇴직),KR5114460008,17123A120601044ZZ26B,KRZ50239584E,01MHA00,0,재간접,00040010,해외,해당없음,00,C101,해당없음,공모,0302001MHA00,판매중,K55105DJ9357,Y,00020004,2,높은 위험
MSCI South East Asia(in KRW) 95% + Call 5%,MSCI South East Asia(원화환산) 95% + Call 5%,KRW,N,000,아시아,9.82,-2.08,0.60,3.47,147173423714.0000,10,-0.94,15.86,32.36,47.69,38.45,0,0010173C2395,0,배당,삼성아세안증권자투자신탁 2(주식)(C1),,삼성아세안증권자투자신탁 2[주식](C1),삼성아세안증권자투자신탁 2[주식](C1),KR5114450241,12123412001051101ZZ4,KRZ500337886,02M1800,0,주식형,00040010,해외,해당없음,00,V102,해당없음,공모,0302002M1800,판매중,KR5105671394,Y,00020054,3,다소 높은 위험
KAP Bond Index 02Y 90%,종합채권02Y 90%,KRW,,000,국내,3.72,-0.01,0.32,0.82,57607101294.0000,10,0.15,1.59,6.25,12.25,16.46,0,0010199C4560,0,배당,흥국퇴직연금크레딧증권자투자(채권)Ce,,흥국퇴직연금멀티크레딧증권자투자신탁[채권]C-E,흥국퇴직연금멀티크레딧증권자투자신탁[채권]C-e,KR5139420020,11113612060013121ZZ5,KRZ501927892,0001100,0,채권형,00040021,국내,해당없음,00,D102,해당없음,공모,032560001100,판매중,K55224BT5377,Y,00050004,5,낮은 위험
S&P 500(KRW),S&P 500(KRW),KRW,N,000,남미/북미,27.75,1.17,12.63,11.68,437141906108.0000,10,-0.85,33.74,,,,0,0010186C9287,0,배당,신한미국S&P500인덱스증권자(UH)[파생]Cr,,SH US S&P500 INDEX SECURITY FEEDER INVESTMENT TRUST(UH)[EQUITY-DERIVATIVES],신한미국S&P500인덱스증권자투자신탁(UH)[주식-파생형](종류C-r),KR5117473000,12223412060107111222,KRZ50255041A,0273860,0,06,00040067,해외,해당없음,00,C103,해당없음,공모,030480273860,판매중,K55210DT4606,Y,00020054,2,높은 위험
MSCI EUROPE SMALL CAP,MSCI EUROPE SMALL CAP,KRW,Y,000,유럽,10.81,0.64,1.70,1.63,752707442.0000,10,-0.62,1.55,6.60,16.87,2.94,0,0010173C5751,0,배당,삼성아문디유럽중소형자(H)(주식재간접)Cp,,삼성아문디유럽중소형증권자투자신탁(H)[주식-재간접형]_CP,삼성아문디유럽중소형증권자투자신탁(H)[주식-재간접형]_Cp,KR5114490195,16123A12060241113ZZB,KRZ501977029,01MA300,0,재간접,00040010,해외,해당없음,00,D102,해당없음,공모,0302001MA300,판매중,K55105B70437,Y,00020088,2,높은 위험
KOSPI Mid&SmallCap Index,중소형지수,KRW,,000,국내,133.07,-10.15,1.77,26.82,29133210252.0000,10,10.42,70.68,104.07,128.40,125.37,0,0011910C0173,0,배당,현대인베하이킥중소형자투신1(주식)C-e,,현대인베스트먼트하이킥중소형증권자투자신탁1호(주식)C-e,현대인베스트먼트하이킥중소형증권자투자신탁1호(주식)C-e,KR515402017M,12113612001011113112,KRZ501690347,20077,0,주식형,00080032,국내,해당없음,00,C103,해당없음,공모,034400020070,판매중,KR5239A13739,Y,00020081,2,높은 위험
채권종합지수 1~2Y,종합채권 1~2년,KRW,,000,국내,,,,,14250454880.0000,20,,,,,,0,0010198C8142,0,배당,KB K-성장과지배구조30목표전환(채혼)C퇴직,,KB K-성장과 지배구조 30 목표전환 증권 투자신탁(채권혼합) C-퇴직,KB K-성장과 지배구조 30 목표전환 증권 투자신탁(채권혼합) C-퇴직,KR5127430106,14111A320600121ZZZZ4,KRZ50267380B,0003640,0,채권혼합,00040035,국내,해당없음,00,D102,해당없음,공모,030230003640,판매중,K55223EV6767,,00020088,NULL,
MSCI CHINA A(Local),MSCI CHINA A(로컬),KRW,N,000,아시아,,,,,1132808091.0000,10,,,,,,0,0010181C1967,0,배당,미래에셋차이나스페셜본토주식자(주식)A,,미래에셋차이나스페셜본토주식증권자투자신탁[주식]종류A,미래에셋차이나스페셜본토주식증권자투자신탁[주식]종류A,KR5110450080,1212321210125110120B,KRZ500624291,0262101,0,주식형,00080008,해외,해당없음,00,C101,해당없음,공모,031910262101,판매완료,KR5205190238,Y,00020004,NULL,
KRX 300,KRX 300,KRW,,000,국내,276.70,3.26,54.84,117.31,18423110947.0000,10,9.09,219.66,232.06,269.48,207.26,0,0010173C7709,0,배당,삼성KRX300인덱스투자(주식파생)CP,,삼성KRX300인덱스증권투자신탁[주식-파생형]_C-P,삼성KRX300인덱스증권투자신탁[주식-파생형]_C-P,KR5114470144,12211A12036017111ZZ2,KRZ50221242B,02MF150,0,06,00040010,국내,개인,00,G110,해당없음,공모,0302002MF150,판매중,K55105C60915,Y,00020081,2,높은 위험
CSI_500_LOCAL,CSI_500_LOCAL,KRW,N,000,글로벌,93.83,-3.05,12.65,36.09,20619583293.0000,10,-2.02,104.21,126.48,102.75,74.48,0,0010173C5165,0,배당,삼성중국중소형FOCUS자투자UH(주식)Ae,,SAMSUNG CHINA A-SHARE MID-SMALL CAP FOCUS FUND UH(EQUITY)Ae,삼성중국본토중소형FOCUS증권자투자신탁UH(주식)Ae,KR510502094M,12123612001171101261,KRZ501898062,2MG902,0,주식형,00040010,해외,해당없음,00,M111,해당없음,공모,0302002MG900,판매중,KR5105AR7521,Y,00020004,2,높은 위험
KAP Treasury 02Y 90%,국공채02Y 90%,KRW,N,000,국내,-11.18,-1.40,-4.39,-7.58,30978510619.0000,10,1.31,-11.19,-3.67,4.48,-5.61,0,0010198C2348,0,배당,KB장기국채플러스증권자(채권)CE,,KB L.T G.B PLUS SECURITIES FEEDER FUND(BOND) C-E CLASS,KB 장기국채 플러스 증권 자투자신탁(채권) C-E 클래스,KR5127420086,11113612049013224ZZ5,KRZ502080604,0001F11,0,채권형,00040035,국내,해당없음,00,V101,해당없음,공모,030230001F11,판매중,K55223BG6116,Y,00020020,4,보통 위험
MSCI ACWI,MSCI ACWI,KRW,N,000,글로벌,189.98,-4.94,33.54,72.00,222188461617.0000,10,4.48,169.91,208.41,232.64,257.55,0,0010189C3062,0,배당,한화그린히어로증권자(주식)C-P(연금),,한화그린히어로증권 자투자신탁(주식) C-P(연금저축),한화그린히어로증권 자투자신탁(주식) C-P(연금저축),KR5129450183,12123412036021511ZZ2,KRZ502434858,0169501,0,주식형,00040027,해외,개인,00,C101,해당없음,공모,030220169501,판매중,K55213DB5972,Y,00020027,1,매우 높은 위험
MSCI BRAZIL,MSCI BRAZIL,KRW,N,000,남미/북미,,,,,0.0000,10,,,,,,0,0010181C1396,0,배당,미래에셋삼바브라질자(주식)C2,,미래에셋삼바브라질증권자투자신탁 [주식]C2,미래에셋삼바브라질증권자투자신탁 [주식]C2,KR5110651025,1212341230112110123A,KRZ500385383,0263021,0,주식형,00080008,해외,해당없음,00,M111,해당없음,공모,031910263021,판매중,KR5205759925,Y,00020081,2,높은 위험
MSCI ACWI Health Care,MSCI ACWI Health Care,KRW,Y,000,글로벌,4.28,2.12,-0.17,-1.87,17830297231.0000,10,-0.28,8.66,-0.04,11.83,10.83,0,0011973C0350,0,배당,iM에셋월드헬스사이언스[주식-재간접]Ae,,IM ASSET WORLD HEALTHSCIENCE-F(A-E),iM에셋월드헬스사이언스증권투자신탁(주식-재간접형)(A-e),KR5181490196,1612161200102150118C,KRZ501989352,061612,0,재간접,00080035,해외,해당없음,00,O117,해당없음,공모,033750061610,판매중,K55366B29118,Y,00020054,3,다소 높은 위험
